Name                                                          # reqs      # fails     Avg     Min     Max  |  Median   req/s
--------------------------------------------------------------------------------------------------------------------------------------------
 GET /login                                                        12     0(0.00%)       8       5      13  |       7    0.00
 GET /logout                                                       12     0(0.00%)      36      14      56  |      33    0.00
 GET 030f78df-322c-49e3-810e-838b1e0f92b0                         112     0(0.00%)    1751     287    7606  |    1700    0.50
 GET 04d3bdfd-678d-42b4-bcf3-8e663657e702                         391     1(0.26%)    1754     367   30611  |    1600    0.60
 GET 13653b44-e27d-4fc4-942b-215d9b46382d                         690     2(0.29%)    1706     432   30711  |    1600    0.50
 GET 143abd19-5ceb-49cd-97f3-11ef22896c9b                         494     2(0.40%)    1787     449   30723  |    1600    0.60
 GET 29b789f3-6c5a-4887-b292-1c4f86093a97                         209     1(0.48%)    1876     381   30709  |    1700    0.60
 GET 58529632-aee0-43b2-bbc4-3ae711f3dba5                         284     1(0.35%)    1729     437   30701  |    1600    0.60
 GET 5a7e0837-3d55-4858-9402-4bfe6196d36f                         449     1(0.22%)    1749     232   30042  |    1600    0.50
 GET a574aef2-db2f-4ab4-aa12-454bf524412e                         648     0(0.00%)    1515     345    6591  |    1500    0.60
 GET a574d8dd-3c8d-4ef8-9257-1ed62af47013                         601     3(0.50%)    1795     322   30759  |    1600    0.60
 GET dc351cee-8729-4733-9510-766f982bf449                         308     2(0.65%)    1912     476   30691  |    1700    0.60
 GET dd9d9c9f-a24e-4e89-8ba6-e5d18d17149b                          59     0(0.00%)    1645     180    8000  |    1700    0.60
 GET e686ea8d-6ce7-41bd-a9e5-e0c9d507d16b                         147     1(0.68%)    2000     457   30724  |    1700    0.60
--------------------------------------------------------------------------------------------------------------------------------------------
 Total                                                           4416    14(0.32%)                                       6.90


Percentage of the requests completed within given times
 Name                                                           # reqs    50%    66%    75%    80%    90%    95%    98%    99%   100%
--------------------------------------------------------------------------------------------------------------------------------------------
 GET /login                                                         12      7      9     10     10     12     13     13     13     13
 GET /logout                                                        12     37     37     54     54     55     56     56     56     56
 GET 030f78df-322c-49e3-810e-838b1e0f92b0                          112   1700   1800   2000   2100   2400   3300   4200   5900   7600
 GET 04d3bdfd-678d-42b4-bcf3-8e663657e702                          391   1600   1800   1900   2100   2500   2900   3400   3900  31000
 GET 13653b44-e27d-4fc4-942b-215d9b46382d                          690   1600   1800   1900   2000   2300   2600   3000   3200  31000
 GET 143abd19-5ceb-49cd-97f3-11ef22896c9b                          494   1600   1800   1900   2000   2300   2800   3300   3400  31000
 GET 29b789f3-6c5a-4887-b292-1c4f86093a97                          209   1700   1800   1900   2100   2500   2700   3300   3500  31000
 GET 58529632-aee0-43b2-bbc4-3ae711f3dba5                          284   1600   1800   1900   2000   2300   2500   3200   3400  31000
 GET 5a7e0837-3d55-4858-9402-4bfe6196d36f                          449   1600   1800   1900   2000   2400   2700   3100   3400  30000
 GET a574aef2-db2f-4ab4-aa12-454bf524412e                          648   1500   1600   1800   1900   2300   2600   3200   3500   6600
 GET a574d8dd-3c8d-4ef8-9257-1ed62af47013                          601   1600   1800   1900   2000   2300   2700   3300   3500  31000
 GET dc351cee-8729-4733-9510-766f982bf449                          308   1700   1900   2000   2100   2400   2700   3500   4000  31000
 GET dd9d9c9f-a24e-4e89-8ba6-e5d18d17149b                           59   1700   1900   1900   2000   2600   3100   5600   8000   8000
 GET e686ea8d-6ce7-41bd-a9e5-e0c9d507d16b                          147   1700   1900   2100   2200   2600   2900   3600   3700  31000
--------------------------------------------------------------------------------------------------------------------------------------------
 Total                                                            4416   1600   1800   1900   2000   2300   2700   3300   3600  31000